image_0
61 174
588 167
554 255
90 267
K614TB799
image_1
115 221
597 224
599 328
112 324
M096AK196
image_2
124 188
578 196
563 281
123 315
P562MB190
image_3
79 253
575 259
575 359
78 363
X164KM64
image_4
31 257
602 245
608 358
36 359
B463BX702
image_5
147 186
549 181
542 296
140 264
P333ET163
image_6
144 233
541 222
538 299
153 306
B849YB163
image_7
174 170
547 141
548 219
184 282
Y026AC150
image_8
93 94
604 130
572 320
86 200
K182BC136
image_9
159 172
592 174
587 289
146 255
Y568AM177
image_10
111 243
545 214
570 334
138 380
A695KA799
image_11
42 134
615 190
607 403
43 282
A695KA799
image_12
200 214
487 214
486 274
201 272
A972KH197
image_13
64 193
594 195
591 307
69 304
H283TX37
image_14
83 154
483 197
485 324
98 240
P162EY71
image_15
392 297
577 270
579 322
394 352
M223YP77
image_16
213 240
461 242
463 293
213 291
X125XX36
image_17
64 193
593 195
591 306
69 304
H283TX37
image_18
200 218
440 222
445 274
203 271
K770MP77
image_19
69 188
522 187
517 279
73 281
O999XY99
image_20
149 253
534 214
541 298
156 338
X179YX197
image_21
122 290
446 308
443 407
119 380
A695KA799
image_22
205 400
557 370
558 439
209 474
E009YK190
image_23
143 113
514 151
479 305
129 199
P980BB11
image_24
117 177
470 215
454 334
105 249
X425PE66
image_25
132 175
532 210
540 295
137 314
E123CC177
image_26
93 174
623 189
652 306
109 344
A075KA799
image_27
144 206
543 198
535 275
139 286
E555MC70
image_28
148 225
522 225
510 298
161 291
B697HT186
image_29
65 161
572 133
567 359
81 259
P023AM40